NoCom
Median: 5.0
Mean: 6.7
Minimum: 2.0
Maximum: 18.0
Q1: 3.0
Q3: 9.0
Lower outliers: []
Upper outliers: [22.0, 24.0, 32.0, 19.0, 22.0, 27.0, 22.0, 24.0, 20.0, 31.0, 30.0, 28.0, 22.0, 30.0, 20.0, 19.0, 21.0, 20.0, 19.0]


NCLOC
Median: 71.5
Mean: 145.0
Minimum: 4.0
Maximum: 429.0
Q1: 12.0
Q3: 180.0
Lower outliers: []
Upper outliers: [789.0, 726.0, 653.0, 1063.0, 561.0, 565.0, 597.0, 670.0, 767.0, 1000.0, 780.0, 468.0, 2415.0, 438.0, 507.0, 455.0, 643.0, 1547.0, 656.0, 988.0, 677.0, 764.0, 2732.0, 1235.0, 925.0, 683.0, 596.0, 489.0, 974.0, 466.0, 623.0, 434.0, 708.0, 521.0, 947.0, 1575.0, 469.0, 1459.0, 606.0]


DCP
Median: 59.2
Mean: 63.5
Minimum: 25.2
Maximum: 93.4
Q1: 49.3
Q3: 82.3
Lower outliers: []
Upper outliers: []


NoCom/NCLOC :
	 m = 29.50507509541488
	 b = -65.54890454207356
NoCom/NCLOC :
	 m = -1.830021693532265
	 b = 75.80952917110908

NoCom/NCLOC :
p=0.6880373923593636

NoCom/NCLOC :
p=-0.5335180851612711